f1: 0.37046307884856067 accuracy: 0.9132758620689655
f1: 0.3192612137203167 accuracy: 0.9110344827586206