f1: 0.38622754491017963 accuracy: 0.9293103448275862
f1: 0.3360258481421648 accuracy: 0.9291379310344827