f1: 0.34411085450346424 accuracy: 0.9020689655172414
f1: 0.3071253071253071 accuracy: 0.9027586206896552
